-400 -400 -200 
-360 -400 -200 
-320 -400 -200 
-280 -400 -200 
-240 -400 -200 
-200 -400 -200 
-160 -400 -200 
-120 -400 -200 
-80 -400 -200 
-40 -400 -200 
0 -400 -200 
40 -400 -200 
80 -400 -200 
120 -400 -200 
160 -400 -200 
200 -400 -200 
240 -400 -200 
280 -400 -200 
320 -400 -200 
360 -400 -200 
400 -400 -200 
440 -400 -200 

-400 -360 -200 
-360 -360 -200 
-320 -360 -200 
-280 -360 -200 
-240 -360 -200 
-200 -360 -200 
-160 -360 -200 
-120 -360 -200 
-80 -360 -200 
-40 -360 -200 
0 -360 -200 
40 -360 -200 
80 -360 -200 
120 -360 -200 
160 -360 -200 
200 -360 -200 
240 -360 -200 
280 -360 -200 
320 -360 -200 
360 -360 -200 
400 -360 -200 
440 -360 -200 

-400 -320 -200 
-360 -320 -200 
-320 -320 -200 
-280 -320 -200 
-240 -320 -200 
-200 -320 -200 
-160 -320 -200 
-120 -320 -200 
-80 -320 -200 
-40 -320 -200 
0 -320 -200 
40 -320 -200 
80 -320 -200 
120 -320 -200 
160 -320 -200 
200 -320 -200 
240 -320 -200 
280 -320 -200 
320 -320 -200 
360 -320 -200 
400 -320 -200 
440 -320 -200 

-400 -280 -200 
-360 -280 -200 
-320 -280 -200 
-280 -280 -200 
-240 -280 -200 
-200 -280 -200 
-160 -280 -200 
-120 -280 -200 
-80 -280 -200 
-40 -280 -200 
0 -280 -200 
40 -280 -200 
80 -280 -200 
120 -280 -200 
160 -280 -200 
200 -280 -200 
240 -280 -200 
280 -280 -200 
320 -280 -200 
360 -280 -200 
400 -280 -200 
440 -280 -200 

-400 -240 -200 
-360 -240 -200 
-320 -240 -200 
-280 -240 -200 
-240 -240 -200 
-200 -240 -200 
-160 -240 -200 
-120 -240 -200 
-80 -240 -200 
-40 -240 -200 
0 -240 -200 
40 -240 -200 
80 -240 -200 
120 -240 -200 
160 -240 -200 
200 -240 -200 
240 -240 -200 
280 -240 -200 
320 -240 -200 
360 -240 -200 
400 -240 -200 
440 -240 -200 

-400 -200 -200 
-360 -200 -200 
-320 -200 -200 
-280 -200 -200 
-240 -200 -200 
-200 -200 -200 
-160 -200 -200 
-120 -200 -200 
-80 -200 -200 
-40 -200 -200 
0 -200 -200 
40 -200 -200 
80 -200 -200 
120 -200 -200 
160 -200 -200 
200 -200 -200 
240 -200 -200 
280 -200 -200 
320 -200 -200 
360 -200 -200 
400 -200 -200 
440 -200 -200 

-400 -160 -200 
-360 -160 -200 
-320 -160 -200 
-280 -160 -200 
-240 -160 -200 
-200 -160 -200 
-160 -160 -200 
-120 -160 -200 
-80 -160 -200 
-40 -160 -200 
0 -160 -200 
40 -160 -200 
80 -160 -200 
120 -160 -200 
160 -160 -200 
200 -160 -200 
240 -160 -200 
280 -160 -200 
320 -160 -200 
360 -160 -200 
400 -160 -200 
440 -160 -200 

-400 -120 -200 
-360 -120 -200 
-320 -120 -200 
-280 -120 -200 
-240 -120 -200 
-200 -120 -200 
-160 -120 -200 
-120 -120 -200 
-80 -120 -200 
-40 -120 -200 
0 -120 -200 
40 -120 -200 
80 -120 -200 
120 -120 -200 
160 -120 -200 
200 -120 -200 
240 -120 -200 
280 -120 -200 
320 -120 -200 
360 -120 -200 
400 -120 -200 
440 -120 -200 

-400 -80 -200 
-360 -80 -200 
-320 -80 -200 
-280 -80 -200 
-240 -80 -200 
-200 -80 -200 
-160 -80 -200 
-120 -80 -200 
-80 -80 -200 
-40 -80 -200 
0 -80 -200 
40 -80 -200 
80 -80 -200 
120 -80 -200 
160 -80 -200 
200 -80 -200 
240 -80 -200 
280 -80 -200 
320 -80 -200 
360 -80 -200 
400 -80 -200 
440 -80 -200 

-400 -40 -200 
-360 -40 -200 
-320 -40 -200 
-280 -40 -200 
-240 -40 -200 
-200 -40 -200 
-160 -40 -200 
-120 -40 -200 
-80 -40 -200 
-40 -40 -200 
0 -40 -200 
40 -40 -200 
80 -40 -200 
120 -40 -200 
160 -40 -200 
200 -40 -200 
240 -40 -200 
280 -40 -200 
320 -40 -200 
360 -40 -200 
400 -40 -200 
440 -40 -200 

-400 0 -200 
-360 0 -200 
-320 0 -200 
-280 0 -200 
-240 0 -200 
-200 0 -200 
-160 0 -200 
-120 0 -200 
-80 0 -200 
-40 0 -200 
0 0 -200 
40 0 -200 
80 0 -200 
120 0 -200 
160 0 -200 
200 0 -200 
240 0 -200 
280 0 -200 
320 0 -200 
360 0 -200 
400 0 -200 
440 0 -200 

-400 40 -200 
-360 40 -200 
-320 40 -200 
-280 40 -200 
-240 40 -200 
-200 40 -200 
-160 40 -200 
-120 40 -200 
-80 40 -200 
-40 40 -200 
0 40 -200 
40 40 -200 
80 40 -200 
120 40 -200 
160 40 -200 
200 40 -200 
240 40 -200 
280 40 -200 
320 40 -200 
360 40 -200 
400 40 -200 
440 40 -200 

-400 80 -200 
-360 80 -200 
-320 80 -200 
-280 80 -200 
-240 80 -200 
-200 80 -200 
-160 80 -200 
-120 80 -200 
-80 80 -200 
-40 80 -200 
0 80 -200 
40 80 -200 
80 80 -200 
120 80 -200 
160 80 -200 
200 80 -200 
240 80 -200 
280 80 -200 
320 80 -200 
360 80 -200 
400 80 -200 
440 80 -200 

-400 120 -200 
-360 120 -200 
-320 120 -200 
-280 120 -200 
-240 120 -200 
-200 120 -200 
-160 120 -200 
-120 120 -200 
-80 120 -200 
-40 120 -200 
0 120 -200 
40 120 -200 
80 120 -200 
120 120 -200 
160 120 -200 
200 120 -200 
240 120 -200 
280 120 -200 
320 120 -200 
360 120 -200 
400 120 -200 
440 120 -200 

-400 160 -200 
-360 160 -200 
-320 160 -200 
-280 160 -200 
-240 160 -200 
-200 160 -200 
-160 160 -200 
-120 160 -200 
-80 160 -200 
-40 160 -200 
0 160 -200 
40 160 -200 
80 160 -200 
120 160 -200 
160 160 -200 
200 160 -200 
240 160 -200 
280 160 -200 
320 160 -200 
360 160 -200 
400 160 -200 
440 160 -200 

-400 200 -200 
-360 200 -200 
-320 200 -200 
-280 200 -200 
-240 200 -200 
-200 200 -200 
-160 200 -200 
-120 200 -200 
-80 200 -200 
-40 200 -200 
0 200 -200 
40 200 -200 
80 200 -200 
120 200 -200 
160 200 -200 
200 200 -200 
240 200 -200 
280 200 -200 
320 200 -200 
360 200 -200 
400 200 -200 
440 200 -200 

-400 240 -200 
-360 240 -200 
-320 240 -200 
-280 240 -200 
-240 240 -200 
-200 240 -200 
-160 240 -200 
-120 240 -200 
-80 240 -200 
-40 240 -200 
0 240 -200 
40 240 -200 
80 240 -200 
120 240 -200 
160 240 -200 
200 240 -200 
240 240 -200 
280 240 -200 
320 240 -200 
360 240 -200 
400 240 -200 
440 240 -200 

-400 280 -200 
-360 280 -200 
-320 280 -200 
-280 280 -200 
-240 280 -200 
-200 280 -200 
-160 280 -200 
-120 280 -200 
-80 280 -200 
-40 280 -200 
0 280 -200 
40 280 -200 
80 280 -200 
120 280 -200 
160 280 -200 
200 280 -200 
240 280 -200 
280 280 -200 
320 280 -200 
360 280 -200 
400 280 -200 
440 280 -200 

-400 320 -200 
-360 320 -200 
-320 320 -200 
-280 320 -200 
-240 320 -200 
-200 320 -200 
-160 320 -200 
-120 320 -200 
-80 320 -200 
-40 320 -200 
0 320 -200 
40 320 -200 
80 320 -200 
120 320 -200 
160 320 -200 
200 320 -200 
240 320 -200 
280 320 -200 
320 320 -200 
360 320 -200 
400 320 -200 
440 320 -200 

-400 360 -200 
-360 360 -200 
-320 360 -200 
-280 360 -200 
-240 360 -200 
-200 360 -200 
-160 360 -200 
-120 360 -200 
-80 360 -200 
-40 360 -200 
0 360 -200 
40 360 -200 
80 360 -200 
120 360 -200 
160 360 -200 
200 360 -200 
240 360 -200 
280 360 -200 
320 360 -200 
360 360 -200 
400 360 -200 
440 360 -200 

-400 400 -200 
-360 400 -200 
-320 400 -200 
-280 400 -200 
-240 400 -200 
-200 400 -200 
-160 400 -200 
-120 400 -200 
-80 400 -200 
-40 400 -200 
0 400 -200 
40 400 -200 
80 400 -200 
120 400 -200 
160 400 -200 
200 400 -200 
240 400 -200 
280 400 -200 
320 400 -200 
360 400 -200 
400 400 -200 
440 400 -200 

-400 440 -200 
-360 440 -200 
-320 440 -200 
-280 440 -200 
-240 440 -200 
-200 440 -200 
-160 440 -200 
-120 440 -200 
-80 440 -200 
-40 440 -200 
0 440 -200 
40 440 -200 
80 440 -200 
120 440 -200 
160 440 -200 
200 440 -200 
240 440 -200 
280 440 -200 
320 440 -200 
360 440 -200 
400 440 -200 
440 440 -200 

