-400 -400 180 
-360 -400 180 
-320 -400 180 
-280 -400 180 
-240 -400 180 
-200 -400 180 
-160 -400 180 
-120 -400 180 
-80 -400 180 
-40 -400 180 
0 -400 180 
40 -400 180 
80 -400 180 
120 -400 180 
160 -400 180 
200 -400 180 
240 -400 180 
280 -400 180 
320 -400 180 
360 -400 180 
400 -400 180 
440 -400 180 

-400 -360 200 
-360 -360 200 
-320 -360 200 
-280 -360 200 
-240 -360 200 
-200 -360 200 
-160 -360 200 
-120 -360 200 
-80 -360 200 
-40 -360 200 
0 -360 200 
40 -360 200 
80 -360 200 
120 -360 200 
160 -360 200 
200 -360 200 
240 -360 200 
280 -360 200 
320 -360 200 
360 -360 200 
400 -360 200 
440 -360 200 

-400 -320 180 
-360 -320 180 
-320 -320 180 
-280 -320 180 
-240 -320 180 
-200 -320 180 
-160 -320 180 
-120 -320 180 
-80 -320 180 
-40 -320 180 
0 -320 180 
40 -320 180 
80 -320 180 
120 -320 180 
160 -320 180 
200 -320 180 
240 -320 180 
280 -320 180 
320 -320 180 
360 -320 180 
400 -320 180 
440 -320 180 

-400 -280 200 
-360 -280 200 
-320 -280 200 
-280 -280 200 
-240 -280 200 
-200 -280 200 
-160 -280 200 
-120 -280 200 
-80 -280 200 
-40 -280 200 
0 -280 200 
40 -280 200 
80 -280 200 
120 -280 200 
160 -280 200 
200 -280 200 
240 -280 200 
280 -280 200 
320 -280 200 
360 -280 200 
400 -280 200 
440 -280 200 

-400 -240 180 
-360 -240 180 
-320 -240 180 
-280 -240 180 
-240 -240 180 
-200 -240 180 
-160 -240 180 
-120 -240 180 
-80 -240 180 
-40 -240 180 
0 -240 180 
40 -240 180 
80 -240 180 
120 -240 180 
160 -240 180 
200 -240 180 
240 -240 180 
280 -240 180 
320 -240 180 
360 -240 180 
400 -240 180 
440 -240 180 

-400 -200 200 
-360 -200 200 
-320 -200 200 
-280 -200 200 
-240 -200 200 
-200 -200 200 
-160 -200 200 
-120 -200 200 
-80 -200 200 
-40 -200 200 
0 -200 200 
40 -200 200 
80 -200 200 
120 -200 200 
160 -200 200 
200 -200 200 
240 -200 200 
280 -200 200 
320 -200 200 
360 -200 200 
400 -200 200 
440 -200 200 

-400 -160 180 
-360 -160 180 
-320 -160 180 
-280 -160 180 
-240 -160 180 
-200 -160 180 
-160 -160 180 
-120 -160 180 
-80 -160 180 
-40 -160 180 
0 -160 180 
40 -160 180 
80 -160 180 
120 -160 180 
160 -160 180 
200 -160 180 
240 -160 180 
280 -160 180 
320 -160 180 
360 -160 180 
400 -160 180 
440 -160 180 

-400 -120 200 
-360 -120 200 
-320 -120 200 
-280 -120 200 
-240 -120 200 
-200 -120 200 
-160 -120 200 
-120 -120 200 
-80 -120 200 
-40 -120 200 
0 -120 200 
40 -120 200 
80 -120 200 
120 -120 200 
160 -120 200 
200 -120 200 
240 -120 200 
280 -120 200 
320 -120 200 
360 -120 200 
400 -120 200 
440 -120 200 

-400 -80 180 
-360 -80 180 
-320 -80 180 
-280 -80 180 
-240 -80 180 
-200 -80 180 
-160 -80 180 
-120 -80 180 
-80 -80 180 
-40 -80 180 
0 -80 180 
40 -80 180 
80 -80 180 
120 -80 180 
160 -80 180 
200 -80 180 
240 -80 180 
280 -80 180 
320 -80 180 
360 -80 180 
400 -80 180 
440 -80 180 

-400 -40 200 
-360 -40 200 
-320 -40 200 
-280 -40 200 
-240 -40 200 
-200 -40 200 
-160 -40 200 
-120 -40 200 
-80 -40 200 
-40 -40 200 
0 -40 200 
40 -40 200 
80 -40 200 
120 -40 200 
160 -40 200 
200 -40 200 
240 -40 200 
280 -40 200 
320 -40 200 
360 -40 200 
400 -40 200 
440 -40 200 

-400 0 180 
-360 0 180 
-320 0 180 
-280 0 180 
-240 0 180 
-200 0 180 
-160 0 180 
-120 0 180 
-80 0 180 
-40 0 180 
0 0 180 
40 0 180 
80 0 180 
120 0 180 
160 0 180 
200 0 180 
240 0 180 
280 0 180 
320 0 180 
360 0 180 
400 0 180 
440 0 180 

-400 40 200 
-360 40 200 
-320 40 200 
-280 40 200 
-240 40 200 
-200 40 200 
-160 40 200 
-120 40 200 
-80 40 200 
-40 40 200 
0 40 200 
40 40 200 
80 40 200 
120 40 200 
160 40 200 
200 40 200 
240 40 200 
280 40 200 
320 40 200 
360 40 200 
400 40 200 
440 40 200 

-400 80 180 
-360 80 180 
-320 80 180 
-280 80 180 
-240 80 180 
-200 80 180 
-160 80 180 
-120 80 180 
-80 80 180 
-40 80 180 
0 80 180 
40 80 180 
80 80 180 
120 80 180 
160 80 180 
200 80 180 
240 80 180 
280 80 180 
320 80 180 
360 80 180 
400 80 180 
440 80 180 

-400 120 200 
-360 120 200 
-320 120 200 
-280 120 200 
-240 120 200 
-200 120 200 
-160 120 200 
-120 120 200 
-80 120 200 
-40 120 200 
0 120 200 
40 120 200 
80 120 200 
120 120 200 
160 120 200 
200 120 200 
240 120 200 
280 120 200 
320 120 200 
360 120 200 
400 120 200 
440 120 200 

-400 160 180 
-360 160 180 
-320 160 180 
-280 160 180 
-240 160 180 
-200 160 180 
-160 160 180 
-120 160 180 
-80 160 180 
-40 160 180 
0 160 180 
40 160 180 
80 160 180 
120 160 180 
160 160 180 
200 160 180 
240 160 180 
280 160 180 
320 160 180 
360 160 180 
400 160 180 
440 160 180 

-400 200 200 
-360 200 200 
-320 200 200 
-280 200 200 
-240 200 200 
-200 200 200 
-160 200 200 
-120 200 200 
-80 200 200 
-40 200 200 
0 200 200 
40 200 200 
80 200 200 
120 200 200 
160 200 200 
200 200 200 
240 200 200 
280 200 200 
320 200 200 
360 200 200 
400 200 200 
440 200 200 

-400 240 180 
-360 240 180 
-320 240 180 
-280 240 180 
-240 240 180 
-200 240 180 
-160 240 180 
-120 240 180 
-80 240 180 
-40 240 180 
0 240 180 
40 240 180 
80 240 180 
120 240 180 
160 240 180 
200 240 180 
240 240 180 
280 240 180 
320 240 180 
360 240 180 
400 240 180 
440 240 180 

-400 280 200 
-360 280 200 
-320 280 200 
-280 280 200 
-240 280 200 
-200 280 200 
-160 280 200 
-120 280 200 
-80 280 200 
-40 280 200 
0 280 200 
40 280 200 
80 280 200 
120 280 200 
160 280 200 
200 280 200 
240 280 200 
280 280 200 
320 280 200 
360 280 200 
400 280 200 
440 280 200 

-400 320 180 
-360 320 180 
-320 320 180 
-280 320 180 
-240 320 180 
-200 320 180 
-160 320 180 
-120 320 180 
-80 320 180 
-40 320 180 
0 320 180 
40 320 180 
80 320 180 
120 320 180 
160 320 180 
200 320 180 
240 320 180 
280 320 180 
320 320 180 
360 320 180 
400 320 180 
440 320 180 

-400 360 200 
-360 360 200 
-320 360 200 
-280 360 200 
-240 360 200 
-200 360 200 
-160 360 200 
-120 360 200 
-80 360 200 
-40 360 200 
0 360 200 
40 360 200 
80 360 200 
120 360 200 
160 360 200 
200 360 200 
240 360 200 
280 360 200 
320 360 200 
360 360 200 
400 360 200 
440 360 200 

-400 400 180 
-360 400 180 
-320 400 180 
-280 400 180 
-240 400 180 
-200 400 180 
-160 400 180 
-120 400 180 
-80 400 180 
-40 400 180 
0 400 180 
40 400 180 
80 400 180 
120 400 180 
160 400 180 
200 400 180 
240 400 180 
280 400 180 
320 400 180 
360 400 180 
400 400 180 
440 400 180 

-400 440 200 
-360 440 200 
-320 440 200 
-280 440 200 
-240 440 200 
-200 440 200 
-160 440 200 
-120 440 200 
-80 440 200 
-40 440 200 
0 440 200 
40 440 200 
80 440 200 
120 440 200 
160 440 200 
200 440 200 
240 440 200 
280 440 200 
320 440 200 
360 440 200 
400 440 200 
440 440 200 

